Class 1
Statistics	CoastalAerosol	Blue	Green	Red	NearInfrared	ShortWaveInfrared_1	ShortWaveInfrared_2	Cirrus
Minimum	9812.00	9037.00	8090.00	7953.00	5992.00	5172.00	5098.00	5029.00
Maximum	10449.00	9852.00	9155.00	8747.00	7490.00	5472.00	5324.00	5099.00
Mean   	10237.46	9602.44	8841.62	8475.03	6364.27	5208.48	5124.43	5057.92
Std.dev	234.42	317.52	430.64	280.45	497.48	16.43	12.27	9.25
Covariance
CoastalAerosol	54952.22	74282.14	100687.11	65570.49	-115269.17	483.61	444.68	434.68
Blue	74282.14	100816.08	136619.59	88882.97	-156617.24	593.13	566.93	575.07
Green	100687.11	136619.59	185446.86	120506.39	-212883.75	683.48	693.03	750.21
Red	65570.49	88882.97	120506.39	78651.40	-137653.23	560.69	527.39	509.11
NearInfrared	-115269.17	-156617.24	-212883.75	-137653.23	247483.42	-265.24	-414.65	-770.71
ShortWaveInfrared_1	483.61	593.13	683.48	560.69	-265.24	269.88	162.77	39.64
ShortWaveInfrared_2	444.68	566.93	693.03	527.39	-414.65	162.77	150.61	26.11
Cirrus	434.68	575.07	750.21	509.11	-770.71	39.64	26.11	85.61
 

Class 4
Statistics	CoastalAerosol	Blue	Green	Red	NearInfrared	ShortWaveInfrared_1	ShortWaveInfrared_2	Cirrus
Minimum	10493.00	9952.00	9509.00	9837.00	13283.00	15635.00	12969.00	5098.00
Maximum	11254.00	10879.00	10796.00	11455.00	15558.00	18437.00	16459.00	5188.00
Mean   	10973.01	10498.10	10142.82	10585.28	14188.92	17067.62	14538.76	5139.69
Std.dev	122.30	147.89	196.10	250.60	353.66	538.41	558.91	14.68
Covariance
CoastalAerosol	14957.59	17869.01	22762.61	26704.08	13176.56	35308.02	40938.17	5.05
Blue	17869.01	21870.47	28075.75	33739.05	17716.86	43384.36	50756.20	8.60
Green	22762.61	28075.75	38456.11	45425.19	33325.75	53612.43	61054.67	29.31
Red	26704.08	33739.05	45425.19	62802.48	33866.60	65114.33	79991.13	-333.91
NearInfrared	13176.56	17716.86	33325.75	33866.60	125076.60	99133.27	55761.02	1460.57
ShortWaveInfrared_1	35308.02	43384.36	53612.43	65114.33	99133.27	289883.51	273050.69	3647.70
ShortWaveInfrared_2	40938.17	50756.20	61054.67	79991.13	55761.02	273050.69	312375.05	3471.87
Cirrus	5.05	8.60	29.31	-333.91	1460.57	3647.70	3471.87	215.52
 

Class 5
Statistics	CoastalAerosol	Blue	Green	Red	NearInfrared	ShortWaveInfrared_1	ShortWaveInfrared_2	Cirrus
Minimum	9285.00	8422.00	7809.00	6942.00	14829.00	10142.00	7480.00	5066.00
Maximum	10278.00	9735.00	9540.00	9755.00	21794.00	17891.00	12247.00	5126.00
Mean   	9681.16	8926.73	8492.03	7938.14	18134.69	13246.09	9256.91	5092.38
Std.dev	218.42	294.50	394.11	601.08	1405.27	1511.11	995.39	11.31
Covariance
CoastalAerosol	47708.60	64116.69	84683.42	129222.64	-43532.18	302672.30	201874.79	667.40
Blue	64116.69	86729.88	114733.99	175354.87	-53368.83	414238.69	275225.05	935.50
Green	84683.42	114733.99	155325.53	232974.41	-17203.34	552821.53	361648.54	1261.12
Red	129222.64	175354.87	232974.41	361293.47	-112774.00	867735.18	575473.05	2017.16
NearInfrared	-43532.18	-53368.83	-17203.34	-112774.00	1974785.79	-26802.19	-240926.58	1022.87
ShortWaveInfrared_1	302672.30	414238.69	552821.53	867735.18	-26802.19	2283459.28	1468253.29	5928.27
ShortWaveInfrared_2	201874.79	275225.05	361648.54	575473.05	-240926.58	1468253.29	990804.27	3587.27
Cirrus	667.40	935.50	1261.12	2017.16	1022.87	5928.27	3587.27	127.95
 

